File	Length	n_contigs	N50	n_CDS
27859_1#180.contigs_velvet.fa	2137103	22	267250	2087
6753_1#21.contigs_velvet.fa	1999813	41	107229	1956
6805_5#16.contigs_velvet.fa	2067489	67	57011	1978
7004_8#73.contigs_velvet.fa	2151213	51	80229	2122
6730_7#14.contigs_velvet.fa	2118847	84	58228	2066
6710_6#17.contigs_velvet.fa	2039679	40	101482	1983
6730_6#21.contigs_velvet.fa	2029880	91	37923	1967
6823_1#21.contigs_velvet.fa	2055927	65	60960	1994
28157_3#183.contigs_velvet.fa	2104279	27	175569	2052
27689_4#188.contigs_velvet.fa	2123426	28	143315	2086
28157_3#156.contigs_velvet.fa	2184045	38	110163	2185
28157_3#145.contigs_velvet.fa	2129510	17	336791	2100
6753_2#4.contigs_velvet.fa	2034722	56	57435	1952
28354_1#106.contigs_velvet.fa	2127077	22	219952	2113
27535_1#154.contigs_velvet.fa	2114944	35	103895	2070
5366_3#12.contigs_velvet.fa	2018292	117	30554	1939
27689_1#77.contigs_velvet.fa	2197633	36	249871	2187
6731_4#20.contigs_velvet.fa	2115635	91	58840	2045
27754_1#12.contigs_velvet.fa	2115117	41	177872	2041
6714_7#8.contigs_velvet.fa	2092470	130	46838	2051
6983_3#59.contigs_velvet.fa	2055926	80	54148	2008
7092_6#16.contigs_velvet.fa	2131570	46	73080	2050
6807_3#7.contigs_velvet.fa	2074331	66	54934	1989
6730_1#16.contigs_velvet.fa	2154126	49	59123	2102
6983_2#20.contigs_velvet.fa	2095041	74	63256	2069
7004_7#60.contigs_velvet.fa	2145327	71	54131	2090
6823_4#21.contigs_velvet.fa	2140534	68	58756	2103
6938_5#11.contigs_velvet.fa	2044439	71	54305	1974
28048_1#99.contigs_velvet.fa	2127009	36	108640	2077
6259_6#18.contigs_velvet.fa	2125157	73	61131	2055
6807_3#15.contigs_velvet.fa	2102767	85	37864	2080
27859_1#143.contigs_velvet.fa	2130598	29	186129	2115
28157_3#101.contigs_velvet.fa	2263771	48	110472	2238
6983_6#39.contigs_velvet.fa	2154449	70	64212	2100
6731_3#5.contigs_velvet.fa	2141107	69	62057	2102
28049_1#51.contigs_velvet.fa	2154594	44	111371	2082
6823_1#20.contigs_velvet.fa	2088037	74	59249	2027
27536_3#57.contigs_velvet.fa	2056636	38	132053	2018
5366_5#12.contigs_velvet.fa	2062225	83	37245	2002
6925_8#12.contigs_velvet.fa	2143943	80	41973	2088
6983_4#76.contigs_velvet.fa	2150217	76	63598	2115
27689_1#100.contigs_velvet.fa	2136693	43	118571	2088
27536_3#183.contigs_velvet.fa	2164306	21	218619	2108
6710_7#13.contigs_velvet.fa	2069153	64	61802	1993
27644_5#30.contigs_velvet.fa	2079566	33	143933	2003
7068_4#6.contigs_velvet.fa	2106114	55	62593	2052
27425_7#171.contigs_velvet.fa	2807895	539	88235	2770
27463_3#83.contigs_velvet.fa	2155762	25	284013	2122
5366_6#6.contigs_velvet.fa	1922474	124	32347	1911
6949_2#13.contigs_velvet.fa	2047203	67	60760	1977
27644_5#171.contigs_velvet.fa	2127958	12	726030	2086
28157_3#6.contigs_velvet.fa	2099312	33	289770	2058
28354_1#18.contigs_velvet.fa	2156655	21	580780	2111
6673_8#18.contigs_velvet.fa	2083785	61	70892	2038
7011_4#21.contigs_velvet.fa	2083773	60	66759	2040
28042_1#180.contigs_velvet.fa	2009617	14	334468	1972
6972_2#1.contigs_velvet.fa	2148454	64	63382	2099
27463_3#128.contigs_velvet.fa	2128861	9	344348	2086
27689_4#51.contigs_velvet.fa	2252754	43	111590	2226
7011_3#15.contigs_velvet.fa	2117533	63	67876	2091
27689_3#153.contigs_velvet.fa	2063416	17	304357	2012
7004_5#5.contigs_velvet.fa	2053812	88	48833	1968
28157_2#99.contigs_velvet.fa	2117944	29	118795	2073
27958_1#75.contigs_velvet.fa	2414931	302	166802	2447
28157_3#171.contigs_velvet.fa	2094858	42	221691	2048
6730_5#11.contigs_velvet.fa	2128347	74	57554	2072
28157_2#170.contigs_velvet.fa	2161827	30	260071	2120
6983_7#59.contigs_velvet.fa	2134672	68	55488	2104
27689_2#30.contigs_velvet.fa	2121884	29	97814	2073
7004_6#40.contigs_velvet.fa	2116226	66	73563	2096
28354_1#38.contigs_velvet.fa	2193092	27	310741	2185
27644_5#12.contigs_velvet.fa	2098587	30	118522	2047
6805_5#2.contigs_velvet.fa	2127312	62	99277	2095
6805_7#21.contigs_velvet.fa	2063644	52	68968	2000
27958_1#157.contigs_velvet.fa	2131149	34	135801	2115
6983_7#55.contigs_velvet.fa	2163197	77	59499	2144
27689_2#156.contigs_velvet.fa	2144252	33	145218	2054
27689_1#55.contigs_velvet.fa	2161667	34	127159	2137
6938_6#15.contigs_velvet.fa	2080926	73	61198	2039
27754_1#126.contigs_velvet.fa	2078350	20	369327	2031
6949_4#3.contigs_velvet.fa	2088699	59	62556	2009
6593_5#6.contigs_velvet.fa	2095655	56	74432	2016
6631_5#22.contigs_velvet.fa	2078289	61	69269	2028
28157_2#10.contigs_velvet.fa	2117975	31	112764	2074
27425_7#159.contigs_velvet.fa	2095036	18	215657	2051
6775_2#7.contigs_velvet.fa	2086672	92	44743	2046
7038_4#6.contigs_velvet.fa	2153439	64	63153	2113
7054_6#8.contigs_velvet.fa	2150621	71	62446	2105
6823_2#11.contigs_velvet.fa	2144139	61	73001	2053
27463_4#13.contigs_velvet.fa	2122616	31	131533	2073
6983_8#74.contigs_velvet.fa	2109174	64	59553	2068
6673_8#4.contigs_velvet.fa	2142609	51	113437	2086
27689_1#61.contigs_velvet.fa	2102389	30	165027	2039
7004_7#55.contigs_velvet.fa	2093959	75	49689	2031
28157_3#37.contigs_velvet.fa	2178217	39	135208	2148
27689_4#47.contigs_velvet.fa	2093135	32	242540	2047
28157_2#4.contigs_velvet.fa	2116986	32	107355	2072
6949_3#21.contigs_velvet.fa	2155172	52	80208	2093
27425_7#11.contigs_velvet.fa	2256772	46	111665	2231
27644_5#79.contigs_velvet.fa	2387442	354	168021	2397
27535_1#51.contigs_velvet.fa	2080403	26	126388	2026
6949_2#23.contigs_velvet.fa	2095052	53	118060	2026
6949_4#6.contigs_velvet.fa	2104925	63	72915	2070
27689_1#46.contigs_velvet.fa	2152505	19	248539	2062
7068_4#2.contigs_velvet.fa	2035049	63	57324	1952
6972_5#24.contigs_velvet.fa	2106296	60	77165	2048
6949_2#4.contigs_velvet.fa	2034162	78	53930	1961
6753_3#10.contigs_velvet.fa	2077450	63	67555	1996
28048_1#90.contigs_velvet.fa	2151212	20	287844	2089
27425_7#107.contigs_velvet.fa	2149251	35	141792	2085
7011_3#7.contigs_velvet.fa	2075117	53	74235	2004
6925_4#4.contigs_velvet.fa	2170034	47	104395	2098
6775_1#7.contigs_velvet.fa	2176038	53	75795	2151
28157_1#92.contigs_velvet.fa	2141137	28	184081	2114
27644_5#109.contigs_velvet.fa	5290226	6919	1835	5836
6714_8#24.contigs_velvet.fa	2091667	139	33526	2033
7011_4#17.contigs_velvet.fa	2054158	72	56359	1975
7004_5#19.contigs_velvet.fa	2023358	42	60960	1976
6736_4#9.contigs_velvet.fa	2037759	63	76340	1999
7011_3#13.contigs_velvet.fa	2010362	138	29703	1977
6805_7#2.contigs_velvet.fa	2121970	45	80998	2070
27536_3#156.contigs_velvet.fa	2135251	24	258295	2084
28157_1#84.contigs_velvet.fa	2198802	95	135157	2158
27958_1#114.contigs_velvet.fa	2972203	1627	8602	3495
28354_1#103.contigs_velvet.fa	2145026	15	288873	2138
6731_1#5.contigs_velvet.fa	2037949	72	50295	1983
28049_1#128.contigs_velvet.fa	3385495	3034	1750	3717
28354_1#72.contigs_velvet.fa	2119098	34	138439	2079
27689_4#145.contigs_velvet.fa	2033046	26	178547	1989
7004_5#15.contigs_velvet.fa	2065354	50	82294	2012
6805_3#12.contigs_velvet.fa	2094281	50	89693	2021
7068_4#14.contigs_velvet.fa	2043422	66	55073	1977
6807_1#17.contigs_velvet.fa	2078855	60	72522	2023
27536_3#169.contigs_velvet.fa	2111208	20	464856	2073
28157_2#6.contigs_velvet.fa	2178693	23	295432	2179
7054_6#21.contigs_velvet.fa	2098465	50	64134	2038
6630_2#11.contigs_velvet.fa	2143347	143	28424	2078
7004_8#74.contigs_velvet.fa	2051017	41	74915	1983
6736_5#19.contigs_velvet.fa	2184085	100	88913	2119
7054_4#13.contigs_velvet.fa	2077285	43	83932	2043
28157_1#34.contigs_velvet.fa	2133518	31	150950	2095
6983_7#61.contigs_velvet.fa	2095408	87	45094	2057
6823_5#23.contigs_velvet.fa	2103105	61	91996	2088
28042_1#42.contigs_velvet.fa	2162836	46	125305	2121
6736_7#23.contigs_velvet.fa	2077378	69	56417	2018
6630_4#3.contigs_velvet.fa	2099923	85	45897	2065
27536_3#139.contigs_velvet.fa	2163113	49	145295	2103
7011_3#17.contigs_velvet.fa	2018202	52	72866	1956
28042_1#190.contigs_velvet.fa	2258897	44	148836	2235
27689_3#29.contigs_velvet.fa	2061456	28	146471	1995
28157_2#43.contigs_velvet.fa	2077155	29	118556	2021
27958_1#39.contigs_velvet.fa	2099279	22	262830	2045
6753_3#4.contigs_velvet.fa	2097284	102	42965	2068
6714_8#13.contigs_velvet.fa	2129902	163	28626	2075
27425_7#184.contigs_velvet.fa	2802871	1365	19707	3162
6925_6#2.contigs_velvet.fa	2134351	59	99389	2106
28354_1#113.contigs_velvet.fa	2109476	49	242176	2071
28157_2#74.contigs_velvet.fa	2135521	33	128641	2093
7038_7#22.contigs_velvet.fa	2101164	79	52295	2062
28049_1#108.contigs_velvet.fa	2124761	12	457707	2080
6983_5#2.contigs_velvet.fa	2097647	48	98479	2038
27644_5#132.contigs_velvet.fa	2998781	468	128795	3183
27754_1#58.contigs_velvet.fa	2249590	45	130957	2225
6673_8#10.contigs_velvet.fa	2152711	60	62925	2046
6753_2#10.contigs_velvet.fa	2066148	63	67840	2016
27958_1#189.contigs_velvet.fa	2124797	27	143175	2084
28157_3#32.contigs_velvet.fa	2218576	124	115574	2191
28042_1#51.contigs_velvet.fa	5629460	6748	1754	6074
6736_5#13.contigs_velvet.fa	2147682	62	64298	2074
7004_5#16.contigs_velvet.fa	2012742	50	77740	1972
7054_6#7.contigs_velvet.fa	2163254	51	75016	2142
27958_1#9.contigs_velvet.fa	2169946	14	467954	2145
27536_3#1.contigs_velvet.fa	2252881	37	188961	2235
27630_2#35.contigs_velvet.fa	2141155	16	1239547	2098
6805_4#1.contigs_velvet.fa	2114273	46	74043	2016
7054_4#2.contigs_velvet.fa	2079600	61	63019	2016
6730_1#11.contigs_velvet.fa	2100414	67	59764	2012
27425_7#26.contigs_velvet.fa	2124879	9	628007	2083
6899_4#4.contigs_velvet.fa	2182270	76	53837	2114
6631_3#20.contigs_velvet.fa	2135396	72	58484	2043
28157_1#113.contigs_velvet.fa	2182815	35	111185	2181
27689_1#189.contigs_velvet.fa	2107205	22	250374	2068
28157_1#123.contigs_velvet.fa	2078175	21	201392	2017
6775_2#13.contigs_velvet.fa	2038228	74	55738	1968
6630_4#18.contigs_velvet.fa	2091799	65	59827	2036
27535_1#89.contigs_velvet.fa	2159098	40	103618	2071
28048_1#35.contigs_velvet.fa	4447933	7982	740	5099
6899_7#3.contigs_velvet.fa	2078119	94	40929	2019
27536_3#111.contigs_velvet.fa	2133705	21	206861	2083
7038_4#3.contigs_velvet.fa	2063599	58	81668	1990
6972_3#9.contigs_velvet.fa	2062319	54	97310	2021
27644_5#84.contigs_velvet.fa	2108532	21	403103	2081
28354_1#110.contigs_velvet.fa	2169128	22	565128	2133
28042_1#112.contigs_velvet.fa	2133561	37	108425	2080
28157_2#95.contigs_velvet.fa	2180326	31	104105	2178
6807_2#23.contigs_velvet.fa	2039725	58	59397	1970
6710_6#10.contigs_velvet.fa	2106600	44	68711	2053
6630_1#21.contigs_velvet.fa	2127668	74	64148	2071
6823_3#18.contigs_velvet.fa	2032036	75	54250	1946
6823_2#3.contigs_velvet.fa	2106429	55	63809	2040
5381_3#4.contigs_velvet.fa	2180950	272	15804	2112
28157_3#153.contigs_velvet.fa	2127635	10	628098	2083
27958_1#136.contigs_velvet.fa	2713075	1161	40865	3125
27536_3#81.contigs_velvet.fa	2098162	26	117354	2045
27425_7#48.contigs_velvet.fa	2082807	29	148273	1998
6925_8#2.contigs_velvet.fa	2110588	63	71731	2075
28157_2#77.contigs_velvet.fa	2122266	20	204599	2077
6805_4#3.contigs_velvet.fa	2045254	52	89283	1972
28042_1#14.contigs_velvet.fa	2195705	65	106654	2187
27536_3#68.contigs_velvet.fa	2068889	21	449491	2013
6938_7#11.contigs_velvet.fa	2174392	60	63348	2109
27689_4#186.contigs_velvet.fa	2132858	41	132350	2113
6753_1#15.contigs_velvet.fa	2102134	44	105471	2047
27535_1#67.contigs_velvet.fa	2211501	40	117571	2191
27630_2#95.contigs_velvet.fa	2129473	35	135873	2113
28042_1#61.contigs_velvet.fa	2077400	33	117501	2026
27536_3#71.contigs_velvet.fa	2043560	20	136144	1987
27689_1#69.contigs_velvet.fa	2117395	34	112750	2075
7011_6#23.contigs_velvet.fa	2051619	98	54935	1992
27689_3#34.contigs_velvet.fa	2193234	33	144716	2135
6731_4#3.contigs_velvet.fa	2043214	54	71797	1990
27689_4#130.contigs_velvet.fa	2125610	11	633842	2085
27644_5#82.contigs_velvet.fa	2119475	33	108425	2074
5366_7#10.contigs_velvet.fa	2001168	214	19631	1949
27463_4#84.contigs_velvet.fa	2042379	20	207109	1990
7038_5#24.contigs_velvet.fa	2121381	60	69126	2097
7038_4#20.contigs_velvet.fa	2085846	65	57432	2012
27958_1#141.contigs_velvet.fa	2136283	42	178524	2126
28042_1#45.contigs_velvet.fa	3100408	546	169303	3263
6673_8#17.contigs_velvet.fa	2146687	67	49041	2107
5737_7#2.contigs_velvet.fa	2077883	192	23128	2020
28157_2#71.contigs_velvet.fa	2120381	33	116479	2083
27644_5#179.contigs_velvet.fa	2192739	40	213539	2167
27958_1#112.contigs_velvet.fa	2103155	23	350516	2046
27463_4#46.contigs_velvet.fa	2031203	15	512423	1990
28354_1#120.contigs_velvet.fa	2095445	19	512113	2054
28049_1#142.contigs_velvet.fa	2640766	481	98997	2677
6680_6#6.contigs_velvet.fa	2076601	56	64709	2019
6925_8#22.contigs_velvet.fa	2177637	59	83149	2137
6805_3#22.contigs_velvet.fa	2099980	47	87133	2048
6630_3#20.contigs_velvet.fa	2114202	115	33193	2056
27958_1#149.contigs_velvet.fa	2116663	33	118620	2074
29370_2#9.contigs_velvet.fa	2179348	43	249597	2145
6983_4#86.contigs_velvet.fa	2068056	78	50877	1981
6805_3#21.contigs_velvet.fa	2048016	76	59545	1970
6680_4#3.contigs_velvet.fa	2136451	46	89828	2061
6938_7#9.contigs_velvet.fa	2121604	49	91481	2091
28049_1#102.contigs_velvet.fa	2078501	26	194786	1986
6871_2#14.contigs_velvet.fa	2081298	74	48053	1999
7011_4#16.contigs_velvet.fa	2173706	57	74584	2166
6631_3#17.contigs_velvet.fa	2058972	60	61582	2004
27859_1#66.contigs_velvet.fa	2071251	22	579293	2012
6731_4#4.contigs_velvet.fa	2090539	71	51843	2027
27754_1#175.contigs_velvet.fa	2264064	27	377035	2260
27958_1#190.contigs_velvet.fa	2075107	17	288037	2026
27958_1#17.contigs_velvet.fa	2152342	20	297590	2066
6753_4#2.contigs_velvet.fa	2042705	75	52271	1964
27689_1#54.contigs_velvet.fa	2006683	18	232724	1970
7004_8#89.contigs_velvet.fa	2140682	39	93067	2121
6938_8#11.contigs_velvet.fa	2159825	89	53155	2131
7004_8#87.contigs_velvet.fa	2150624	65	63462	2135
6949_2#8.contigs_velvet.fa	2087721	73	96123	2010
7038_8#42.contigs_velvet.fa	2072559	67	55525	2005
28157_1#145.contigs_velvet.fa	2096033	18	252590	2055
7038_6#2.contigs_velvet.fa	2114125	71	72994	2074
6710_8#5.contigs_velvet.fa	2082773	70	52646	2014
28157_1#86.contigs_velvet.fa	2197656	46	405325	2162
28049_1#147.contigs_velvet.fa	2068019	14	579643	2005
27425_7#122.contigs_velvet.fa	2513999	348	124555	2569
27754_1#84.contigs_velvet.fa	2184222	93	242340	2153
27689_3#80.contigs_velvet.fa	2122275	33	130424	2081
6710_8#13.contigs_velvet.fa	2011557	43	100095	1954
6949_2#20.contigs_velvet.fa	2123004	72	66365	2043
6805_7#7.contigs_velvet.fa	2064490	147	29006	1997
6972_5#19.contigs_velvet.fa	2150829	56	98554	2095
28157_1#128.contigs_velvet.fa	3648176	3296	1884	4020
6899_6#18.contigs_velvet.fa	2117197	68	60315	2066
6972_5#8.contigs_velvet.fa	2036842	63	67547	1969
28354_1#63.contigs_velvet.fa	2150178	25	141388	2139
6736_7#20.contigs_velvet.fa	2042896	72	52586	1977
28354_1#77.contigs_velvet.fa	2068088	24	194855	1990
7004_7#66.contigs_velvet.fa	2092520	80	52043	2042
6983_5#13.contigs_velvet.fa	2083269	63	55886	2025
28157_2#72.contigs_velvet.fa	2126912	29	216682	2098
6753_3#14.contigs_velvet.fa	2069896	64	66014	2001
6983_5#6.contigs_velvet.fa	2127538	59	76112	2067
27536_3#116.contigs_velvet.fa	2136741	19	298331	2083
6593_5#10.contigs_velvet.fa	2154789	49	62237	2083
28157_1#57.contigs_velvet.fa	2220749	35	362483	2206
27689_3#114.contigs_velvet.fa	2088073	23	151199	2026
27958_1#97.contigs_velvet.fa	2106421	32	142291	2057
7038_6#6.contigs_velvet.fa	2077950	42	93186	1999
6983_4#75.contigs_velvet.fa	2044863	58	58656	1981
7004_6#32.contigs_velvet.fa	2120294	72	66569	2095
28157_3#155.contigs_velvet.fa	2155976	29	234565	2135
27689_4#75.contigs_velvet.fa	2130441	26	166167	2115
27463_3#76.contigs_velvet.fa	2132204	42	145146	2057
6710_6#11.contigs_velvet.fa	2057555	38	95050	1977
6938_5#19.contigs_velvet.fa	2184737	115	34630	2134
6899_7#7.contigs_velvet.fa	2080702	58	74895	2028
6755_3#4.contigs_velvet.fa	2140380	56	73950	2093
27630_2#182.contigs_velvet.fa	2119153	38	108782	2078
28049_1#182.contigs_velvet.fa	2097305	38	157279	2049
27536_3#92.contigs_velvet.fa	2160670	63	135835	2133
6805_3#4.contigs_velvet.fa	2097760	50	87556	2110
28157_3#80.contigs_velvet.fa	2128526	15	297638	2131
27644_5#37.contigs_velvet.fa	3362687	3963	1423	3699
27536_3#135.contigs_velvet.fa	2143265	17	381168	2075
6631_1#2.contigs_velvet.fa	2091238	60	61789	2012
27689_2#100.contigs_velvet.fa	2136205	34	242137	2100
28042_1#93.contigs_velvet.fa	2077855	27	118582	2026
27425_7#69.contigs_velvet.fa	2128136	12	628012	2088
6938_8#17.contigs_velvet.fa	2172078	62	87114	2151
7004_6#47.contigs_velvet.fa	2123810	47	77475	2086
28049_1#34.contigs_velvet.fa	3771449	3130	2235	4064
5381_2#3.contigs_velvet.fa	2031809	64	58477	1966
27425_7#15.contigs_velvet.fa	2099673	32	251930	2051
28354_1#115.contigs_velvet.fa	3645571	2473	3599	4021
6805_7#20.contigs_velvet.fa	2160795	60	76342	2120
27644_5#8.contigs_velvet.fa	2391002	330	218826	2451
6649_7#17.contigs_velvet.fa	2112069	77	50023	2027
28048_1#19.contigs_velvet.fa	2103197	30	108555	2053
5737_7#6.contigs_velvet.fa	2127346	141	33089	2083
7004_7#71.contigs_velvet.fa	2034107	68	52181	1961
28157_3#132.contigs_velvet.fa	2255902	38	112687	2227
27463_3#81.contigs_velvet.fa	3419551	2886	1869	3705
27535_1#144.contigs_velvet.fa	2131248	31	124889	2114
27644_5#172.contigs_velvet.fa	2133806	33	186686	2139
6731_6#13.contigs_velvet.fa	2105949	77	55531	2047
6731_2#1.contigs_velvet.fa	2154547	108	39073	2112
6840_3#15.contigs_velvet.fa	2083373	53	90849	2024
27689_4#73.contigs_velvet.fa	2096686	35	172081	2062
27644_5#56.contigs_velvet.fa	7105944	11013	1235	7628
6680_7#16.contigs_velvet.fa	2172024	60	74820	2129
6259_8#16.contigs_velvet.fa	2074581	161	23896	2013
6938_6#16.contigs_velvet.fa	2041202	73	55782	1967
28048_1#95.contigs_velvet.fa	2100447	41	203159	2058
28048_1#17.contigs_velvet.fa	2166702	18	340988	2103
6925_6#24.contigs_velvet.fa	2076160	49	72967	2021
27463_3#22.contigs_velvet.fa	2228852	29	251728	2241
6823_3#7.contigs_velvet.fa	2176679	74	60114	2152
6753_1#3.contigs_velvet.fa	2066288	63	75037	2000
6755_6#1.contigs_velvet.fa	2136784	59	69195	2047
7054_6#11.contigs_velvet.fa	2097336	68	53143	2059
27689_2#37.contigs_velvet.fa	2069006	26	168863	2006
27644_5#102.contigs_velvet.fa	2148936	20	430383	2139
7004_7#51.contigs_velvet.fa	2088956	64	59635	2029
6755_6#17.contigs_velvet.fa	2086432	45	86051	2037
27644_5#112.contigs_velvet.fa	2232868	66	125129	2216
6775_2#5.contigs_velvet.fa	2073075	75	60626	1994
27535_1#180.contigs_velvet.fa	2137710	19	504010	2087
6983_8#93.contigs_velvet.fa	2055934	56	74016	1998
7011_6#22.contigs_velvet.fa	2105947	69	63145	2071
6840_3#20.contigs_velvet.fa	2103525	57	78809	2047
6680_8#20.contigs_velvet.fa	2150653	66	58034	2100
27644_5#94.contigs_velvet.fa	2166066	29	212791	2124
6983_3#67.contigs_velvet.fa	2008617	53	81396	1931
7054_6#5.contigs_velvet.fa	2124735	63	60892	2087
6641_6#9.contigs_velvet.fa	2104581	117	38289	2066
28157_3#144.contigs_velvet.fa	2031090	7	1445386	1982
28157_1#23.contigs_velvet.fa	2186544	16	294999	2183
6830_3#13.contigs_velvet.fa	2169377	60	77565	2154
6630_4#9.contigs_velvet.fa	2170447	153	27062	2120
28354_1#100.contigs_velvet.fa	3090595	389	84914	3201
6949_3#17.contigs_velvet.fa	2106365	50	79429	2049
28049_1#168.contigs_velvet.fa	2898887	551	156117	3010
6753_1#23.contigs_velvet.fa	2110719	71	56586	2079
6259_6#24.contigs_velvet.fa	2147628	64	79290	2135
6807_2#6.contigs_velvet.fa	2076092	76	55551	2013
27859_1#153.contigs_velvet.fa	2115219	32	103918	2070
7038_8#36.contigs_velvet.fa	2089092	57	73653	2019
27689_4#83.contigs_velvet.fa	2123155	28	131786	2086
6805_2#19.contigs_velvet.fa	2124884	57	62124	2095
27425_7#135.contigs_velvet.fa	2873688	611	618668	2848
7011_6#7.contigs_velvet.fa	2078762	65	67684	2016
6972_4#17.contigs_velvet.fa	2132840	74	64729	2139
27689_2#150.contigs_velvet.fa	2077062	32	118337	2015
6730_5#18.contigs_velvet.fa	2073529	59	63403	2003
5381_1#10.contigs_velvet.fa	2105403	64	57140	2066
7038_4#10.contigs_velvet.fa	2022860	39	94988	1973
28157_3#120.contigs_velvet.fa	2097354	22	195866	2045
6753_2#1.contigs_velvet.fa	2051422	65	62047	1987
28157_3#14.contigs_velvet.fa	2149030	22	320060	2140
28157_2#183.contigs_velvet.fa	2076662	30	141677	2024
27689_1#112.contigs_velvet.fa	2881929	371	120878	3065
7038_6#1.contigs_velvet.fa	2027638	54	63425	1941
6649_8#24.contigs_velvet.fa	2164249	62	80369	2167
27644_5#50.contigs_velvet.fa	4525405	8155	755	5251
6807_2#22.contigs_velvet.fa	2061558	73	54305	1994
6949_2#12.contigs_velvet.fa	2045317	64	62435	1973
6972_4#22.contigs_velvet.fa	2096959	51	84686	2025
7054_4#22.contigs_velvet.fa	2084876	37	122564	2015
27689_3#100.contigs_velvet.fa	2088785	39	137141	2061
6983_2#24.contigs_velvet.fa	2116733	48	93985	2058
27859_1#142.contigs_velvet.fa	2112738	31	103837	2071
6949_4#4.contigs_velvet.fa	2057883	83	48788	1989
27425_7#44.contigs_velvet.fa	2344242	300	415874	2345
27958_1#92.contigs_velvet.fa	2132834	26	177506	2091
27425_7#23.contigs_velvet.fa	3212716	1038	23931	3332
6807_3#16.contigs_velvet.fa	2055460	76	54365	1986
6755_4#3.contigs_velvet.fa	2009021	30	147608	1974
6841_7#19.contigs_velvet.fa	2019797	71	54259	1948
27754_1#164.contigs_velvet.fa	2096270	34	211565	2051
27425_7#9.contigs_velvet.fa	3469029	3911	1490	3839
6840_1#22.contigs_velvet.fa	2064590	54	74412	1993
7054_6#9.contigs_velvet.fa	2047744	55	68480	1977
6731_6#11.contigs_velvet.fa	2054362	36	150401	2002
6805_5#4.contigs_velvet.fa	2093177	65	93853	2066
6972_3#18.contigs_velvet.fa	2012244	59	58880	1958
6805_4#8.contigs_velvet.fa	2127818	64	83585	2066
6823_2#15.contigs_velvet.fa	2127680	76	49315	2060
28042_1#116.contigs_velvet.fa	2202116	45	219981	2208
27859_1#68.contigs_velvet.fa	2208957	37	137820	2182
6753_4#9.contigs_velvet.fa	2125680	64	63847	2061
7054_4#7.contigs_velvet.fa	2080545	45	73749	2035
6736_4#7.contigs_velvet.fa	2107920	57	61537	2040
27859_1#94.contigs_velvet.fa	3211449	1148	22277	3796
27463_3#69.contigs_velvet.fa	2103610	30	118410	2046
27689_3#108.contigs_velvet.fa	3241894	3939	1668	3688
27425_7#13.contigs_velvet.fa	3247756	509	135590	3337
6972_2#11.contigs_velvet.fa	2080090	57	71429	2036
6649_8#2.contigs_velvet.fa	2115177	51	73231	2065
6593_4#21.contigs_velvet.fa	2065706	53	69673	2006
27958_1#12.contigs_velvet.fa	2174245	23	180612	2111
5392_7#11.contigs_velvet.fa	2073598	62	58558	2011
7004_5#6.contigs_velvet.fa	2175501	62	74286	2160
7004_8#85.contigs_velvet.fa	2133895	54	76332	2077
6972_3#6.contigs_velvet.fa	2127625	44	93669	2099
28042_1#181.contigs_velvet.fa	2712041	516	81373	2713
6972_5#22.contigs_velvet.fa	2129905	67	63981	2078
6823_7#20.contigs_velvet.fa	2120862	55	83622	2042
6714_8#17.contigs_velvet.fa	2079105	167	30142	2003
27536_3#108.contigs_velvet.fa	2113988	21	691093	2065
6753_3#17.contigs_velvet.fa	2127948	54	83103	2033
7004_8#84.contigs_velvet.fa	2124039	60	66350	2097
28354_1#94.contigs_velvet.fa	2129964	36	255928	2075
6731_1#7.contigs_velvet.fa	2152175	83	49164	2104
27958_1#79.contigs_velvet.fa	2115044	34	108652	2068
7004_7#49.contigs_velvet.fa	2151201	64	52626	2099
27689_1#63.contigs_velvet.fa	2181980	31	302790	2155
6753_2#2.contigs_velvet.fa	2086220	76	44364	2010
7038_4#2.contigs_velvet.fa	2084476	53	78005	2014
28157_1#124.contigs_velvet.fa	2080021	35	118666	2028
28042_1#143.contigs_velvet.fa	2038982	28	214859	2003
5381_2#11.contigs_velvet.fa	1986989	317	10919	1956
28157_1#44.contigs_velvet.fa	2992139	367	82342	3143
27644_5#47.contigs_velvet.fa	3459157	2921	1889	3751
6983_5#10.contigs_velvet.fa	2120204	89	51858	2055
27630_2#161.contigs_velvet.fa	2129176	9	824722	2084
27689_2#138.contigs_velvet.fa	2032298	21	191890	2009
6807_3#19.contigs_velvet.fa	2095644	93	54250	2053
5381_3#3.contigs_velvet.fa	2069261	79	45688	2012
6593_4#12.contigs_velvet.fa	2133706	37	166282	2101
6631_3#13.contigs_velvet.fa	2108785	55	73635	2053
27958_1#85.contigs_velvet.fa	2122741	25	137226	2084
28157_2#185.contigs_velvet.fa	2119190	29	131802	2075
27536_3#11.contigs_velvet.fa	4497268	5841	1194	5114
6949_2#22.contigs_velvet.fa	2155778	61	72665	2123
6755_5#2.contigs_velvet.fa	2102136	54	60608	2055
6755_1#13.contigs_velvet.fa	2036366	79	53713	1974
6949_4#8.contigs_velvet.fa	2018991	47	78850	1970
6710_7#24.contigs_velvet.fa	2113768	48	73819	2051
7004_6#41.contigs_velvet.fa	2117823	46	118569	2092
27689_3#69.contigs_velvet.fa	2126014	10	1113060	2083
7004_8#90.contigs_velvet.fa	2056432	50	99544	1998
6949_3#11.contigs_velvet.fa	2178129	70	60199	2090
27463_3#115.contigs_velvet.fa	2165258	32	276104	2127
27859_1#22.contigs_velvet.fa	2080694	36	104609	2026
7011_5#13.contigs_velvet.fa	2045998	65	68091	1988
6983_3#62.contigs_velvet.fa	2168532	93	48895	2147
27689_3#158.contigs_velvet.fa	2076293	28	119238	2020
27463_3#70.contigs_velvet.fa	2200332	32	160731	2158
28157_2#46.contigs_velvet.fa	2210855	44	153025	2198
27958_1#137.contigs_velvet.fa	2100523	36	211695	2052
28157_3#97.contigs_velvet.fa	2201943	34	110935	2210
27425_7#128.contigs_velvet.fa	2128022	36	118637	2083
6983_3#63.contigs_velvet.fa	2089427	66	55526	2034
5366_8#9.contigs_velvet.fa	1952382	191	22882	1896
28157_1#112.contigs_velvet.fa	2179976	36	160842	2132
28157_1#63.contigs_velvet.fa	2099221	34	220425	2055
6680_6#3.contigs_velvet.fa	2101115	51	65808	2043
6925_4#19.contigs_velvet.fa	2090577	64	58701	2051
6755_6#10.contigs_velvet.fa	2151610	63	76306	2080
27535_1#50.contigs_velvet.fa	2064334	31	142378	2064
6805_3#5.contigs_velvet.fa	2100170	62	70328	2038
6925_3#15.contigs_velvet.fa	2158793	58	64132	2112
7054_4#12.contigs_velvet.fa	2075690	73	56712	2010
27689_4#42.contigs_velvet.fa	2060544	17	200099	2009
6731_3#9.contigs_velvet.fa	1992776	56	64132	1900
7038_4#5.contigs_velvet.fa	2112116	77	58176	2071
28157_3#68.contigs_velvet.fa	2280274	60	94624	2256
6983_8#78.contigs_velvet.fa	2092267	63	66135	2026
27689_3#176.contigs_velvet.fa	2065339	16	440658	2045
27463_4#157.contigs_velvet.fa	2090264	47	81748	2028
27754_1#107.contigs_velvet.fa	2256973	51	106324	2225
28157_3#114.contigs_velvet.fa	2134954	16	570974	2094
7038_6#17.contigs_velvet.fa	2129416	72	55259	2053
6840_1#21.contigs_velvet.fa	2071603	81	73839	1985
6631_7#5.contigs_velvet.fa	2000533	68	53617	1950
7038_5#20.contigs_velvet.fa	2110483	77	101994	2056
27425_7#182.contigs_velvet.fa	2149397	26	249599	2119
27644_5#96.contigs_velvet.fa	2109176	46	160143	2051
28157_1#162.contigs_velvet.fa	2078201	19	584096	2032
27754_1#176.contigs_velvet.fa	2164280	65	470693	2125
6730_7#20.contigs_velvet.fa	2104153	69	57515	2069
6641_6#23.contigs_velvet.fa	1992312	80	44633	1933
7004_5#8.contigs_velvet.fa	2083278	45	122270	2025
6753_2#19.contigs_velvet.fa	2111540	53	60616	2065
7068_4#12.contigs_velvet.fa	2123083	43	114532	2100
27859_1#88.contigs_velvet.fa	2164205	18	247118	2103
27425_7#83.contigs_velvet.fa	3577211	3776	1701	3991
28048_1#93.contigs_velvet.fa	2141503	31	123019	2129
27689_3#125.contigs_velvet.fa	2080866	32	118552	2025
27463_3#171.contigs_velvet.fa	2137024	66	242100	2087
28157_2#111.contigs_velvet.fa	2146035	32	141251	2133
6736_5#23.contigs_velvet.fa	2134532	52	64070	2064
27644_5#60.contigs_velvet.fa	2139455	34	119593	2096
28049_1#89.contigs_velvet.fa	2138140	38	122135	2128
6938_5#21.contigs_velvet.fa	2173210	62	79096	2149
6938_5#13.contigs_velvet.fa	2155900	94	38873	2104
27644_5#40.contigs_velvet.fa	2394097	282	628019	2351
28049_1#71.contigs_velvet.fa	2118612	25	156307	2074
6949_4#24.contigs_velvet.fa	2053499	69	55516	1979
28049_1#92.contigs_velvet.fa	2060840	26	159009	2043
6630_2#17.contigs_velvet.fa	2081036	72	60835	2028
28157_2#120.contigs_velvet.fa	2133164	28	233035	2135
6805_7#12.contigs_velvet.fa	2115730	69	62022	2085
6755_6#13.contigs_velvet.fa	2142718	54	83047	2061
27644_5#95.contigs_velvet.fa	2673085	456	205930	2647
6805_4#5.contigs_velvet.fa	2088842	105	34887	2009
28157_2#184.contigs_velvet.fa	2068463	31	168903	2008
6731_2#22.contigs_velvet.fa	2043398	53	67999	1983
27630_2#81.contigs_velvet.fa	2161043	29	159500	2101
6938_6#1.contigs_velvet.fa	2061105	67	65854	1999
27630_2#170.contigs_velvet.fa	2112677	33	154792	2077
27630_2#101.contigs_velvet.fa	2095428	23	462212	2079
27689_3#78.contigs_velvet.fa	2248800	38	103669	2197
28042_1#15.contigs_velvet.fa	2112877	18	301661	2072
7038_6#7.contigs_velvet.fa	2036225	142	29165	1951
27689_3#120.contigs_velvet.fa	2124963	11	628139	2082
28042_1#46.contigs_velvet.fa	2199852	50	220027	2176
27754_1#63.contigs_velvet.fa	2262948	40	138304	2236
6949_1#7.contigs_velvet.fa	2073928	80	70489	1998
6925_8#10.contigs_velvet.fa	2112301	50	70872	2062
6630_4#8.contigs_velvet.fa	2167016	96	46986	2152
7011_3#11.contigs_velvet.fa	2083164	76	53812	2012
6823_5#20.contigs_velvet.fa	2147131	59	62142	2130
28157_3#100.contigs_velvet.fa	2173938	22	297618	2133
27689_2#34.contigs_velvet.fa	2110060	26	250402	2070
6755_1#6.contigs_velvet.fa	2110885	70	73518	2069
27689_2#155.contigs_velvet.fa	2106794	27	234487	2067
27689_3#163.contigs_velvet.fa	2127938	29	156554	2090
28157_3#72.contigs_velvet.fa	2094572	23	315048	2024
5429_8#3.contigs_velvet.fa	2224954	86	48268	2159
6755_6#4.contigs_velvet.fa	2115076	56	93492	2098
27859_1#6.contigs_velvet.fa	3146652	422	72186	3302
27463_4#14.contigs_velvet.fa	5970177	11194	732	6920
27535_1#93.contigs_velvet.fa	3007503	1180	23614	3528
27754_1#108.contigs_velvet.fa	2134425	26	313741	2084
27689_3#110.contigs_velvet.fa	2076646	30	124467	2019
6805_3#7.contigs_velvet.fa	2064479	64	58738	2025
27644_5#100.contigs_velvet.fa	2077005	30	126499	2017
6972_2#21.contigs_velvet.fa	2099333	55	62983	2035
7004_6#34.contigs_velvet.fa	2055931	72	50667	2012
27425_7#52.contigs_velvet.fa	2191824	131	160085	2155
27689_1#24.contigs_velvet.fa	2109269	25	234811	2059
6710_7#11.contigs_velvet.fa	2180382	45	92907	2116
6731_2#2.contigs_velvet.fa	2172606	97	53707	2093
7038_7#18.contigs_velvet.fa	2051806	61	61645	1984
28048_1#72.contigs_velvet.fa	2209052	20	338395	2167
27644_5#98.contigs_velvet.fa	2076850	27	141677	2022
27536_3#129.contigs_velvet.fa	2098720	52	117258	2055
7011_4#22.contigs_velvet.fa	2033499	74	48818	1951
6972_5#4.contigs_velvet.fa	2116870	44	109162	2066
27535_1#176.contigs_velvet.fa	2111572	19	300309	2069
6983_6#47.contigs_velvet.fa	2125829	42	99307	2089
6755_5#16.contigs_velvet.fa	2157975	55	78120	2104
28157_1#80.contigs_velvet.fa	2134169	35	151181	2090
6972_4#21.contigs_velvet.fa	2014464	48	79479	1945
6807_2#7.contigs_velvet.fa	2087618	71	52322	2024
6730_6#20.contigs_velvet.fa	2160252	79	55449	2106
27535_1#119.contigs_velvet.fa	2063317	27	278715	2029
6259_6#14.contigs_velvet.fa	1993616	61	67524	1924
27958_1#118.contigs_velvet.fa	2065584	39	106349	2008
7004_7#54.contigs_velvet.fa	2114820	53	76097	2087
27536_3#42.contigs_velvet.fa	2078282	39	73917	2025
6925_8#6.contigs_velvet.fa	2157221	67	74133	2103
28157_1#141.contigs_velvet.fa	2107212	31	217297	2062
27644_5#128.contigs_velvet.fa	2195862	37	180568	2178
5366_8#2.contigs_velvet.fa	2019118	96	35166	1946
6731_4#5.contigs_velvet.fa	2052301	101	36748	1977
27859_1#29.contigs_velvet.fa	2219731	20	630905	2206
27463_3#26.contigs_velvet.fa	2037722	13	563347	1981
28157_2#182.contigs_velvet.fa	2104970	38	279311	2051
28048_1#113.contigs_velvet.fa	2178411	22	190545	2178
7004_8#88.contigs_velvet.fa	2036897	48	129105	1994
28157_3#109.contigs_velvet.fa	2112677	35	112749	2059
6949_1#6.contigs_velvet.fa	1987534	47	71178	1925
28354_1#37.contigs_velvet.fa	2131731	21	206041	2070
6736_5#16.contigs_velvet.fa	2080596	53	88276	2028
6949_1#20.contigs_velvet.fa	2048032	51	72226	1996
6925_4#5.contigs_velvet.fa	2074541	74	60630	1997
28157_2#50.contigs_velvet.fa	2148184	26	164975	2137
27689_4#192.contigs_velvet.fa	2111233	32	168956	2086
7004_6#36.contigs_velvet.fa	2080996	51	85382	2073
27958_1#61.contigs_velvet.fa	2143566	29	135845	2134
6731_4#6.contigs_velvet.fa	2122746	63	59453	2071
6631_2#7.contigs_velvet.fa	2111934	48	83259	2033
6899_4#18.contigs_velvet.fa	2111864	67	54285	2080
27425_7#162.contigs_velvet.fa	2125950	9	628581	2083
5381_1#1.contigs_velvet.fa	2034686	127	33510	1962
28157_1#181.contigs_velvet.fa	2150698	32	217372	2123
7011_6#1.contigs_velvet.fa	2082484	59	63886	2025
6736_7#1.contigs_velvet.fa	2131059	60	80076	2058
6983_6#35.contigs_velvet.fa	2093993	54	101586	2033
6753_4#22.contigs_velvet.fa	2062824	67	53511	1991
6925_3#16.contigs_velvet.fa	2045150	56	73422	1970
7004_7#62.contigs_velvet.fa	2155538	66	70542	2148
27689_4#41.contigs_velvet.fa	2137923	32	241991	2102
6841_7#24.contigs_velvet.fa	2097778	61	57845	2036
28354_1#129.contigs_velvet.fa	2193314	32	186582	2180
28157_3#139.contigs_velvet.fa	2094220	37	218436	2049
6983_6#32.contigs_velvet.fa	2111804	66	53713	2065
6714_7#14.contigs_velvet.fa	2089235	130	45962	2039
6983_5#15.contigs_velvet.fa	2042948	58	64670	1975
27958_1#65.contigs_velvet.fa	2118037	28	181147	2064
27535_1#5.contigs_velvet.fa	3165764	534	112220	3323
27754_1#117.contigs_velvet.fa	2148359	24	467070	2110
6840_1#4.contigs_velvet.fa	2085389	42	87674	2032
6983_4#96.contigs_velvet.fa	2105250	51	93816	2087
27859_1#124.contigs_velvet.fa	2416538	270	256532	2451
28157_1#119.contigs_velvet.fa	2169669	27	241076	2139
6631_6#9.contigs_velvet.fa	2154269	71	56964	2102
27859_1#51.contigs_velvet.fa	2077060	29	113850	2020
28157_3#86.contigs_velvet.fa	2119219	30	131843	2082
7011_6#17.contigs_velvet.fa	2121662	67	60199	2074
27644_5#33.contigs_velvet.fa	2154107	24	206335	2072
6807_2#14.contigs_velvet.fa	2091661	59	55526	2024
27859_1#173.contigs_velvet.fa	2125379	32	105680	2088
7004_5#20.contigs_velvet.fa	2096106	81	41268	2056
6680_7#9.contigs_velvet.fa	2057327	64	63118	1982
27689_1#73.contigs_velvet.fa	2217686	127	93944	2192
27754_1#120.contigs_velvet.fa	2168509	199	155927	2104
6823_6#12.contigs_velvet.fa	2043499	60	63831	1961
27536_3#31.contigs_velvet.fa	2056783	28	124827	2024
27754_1#97.contigs_velvet.fa	3602946	3549	1813	4001
27425_7#43.contigs_velvet.fa	4864549	8530	778	5606
7054_6#3.contigs_velvet.fa	2014438	42	85849	1989
6840_1#15.contigs_velvet.fa	2095113	57	69991	2025
7004_5#11.contigs_velvet.fa	2049000	69	64104	1971
27630_2#58.contigs_velvet.fa	2167801	25	339027	2102
7054_4#20.contigs_velvet.fa	2126483	59	75094	2072
7054_6#4.contigs_velvet.fa	2080596	84	48697	2004
6871_2#13.contigs_velvet.fa	2056971	68	59684	1974
5392_7#12.contigs_velvet.fa	2044573	113	33985	1990
6714_8#2.contigs_velvet.fa	2065438	110	45210	2026
27754_1#49.contigs_velvet.fa	4152591	9034	544	4972
6938_8#23.contigs_velvet.fa	2165061	83	54966	2092
6983_5#9.contigs_velvet.fa	2174733	76	57132	2153
6840_1#16.contigs_velvet.fa	2104499	65	59115	2041
27535_1#141.contigs_velvet.fa	2114357	33	103895	2070
27689_1#68.contigs_velvet.fa	3777285	4528	1507	4174
6972_2#5.contigs_velvet.fa	2143931	81	44561	2087
28157_3#10.contigs_velvet.fa	2033702	29	174949	1986
6259_8#3.contigs_velvet.fa	2051635	74	52585	2017
28048_1#125.contigs_velvet.fa	2046373	16	282011	1995
28354_1#65.contigs_velvet.fa	3388157	5278	964	3892
28157_2#176.contigs_velvet.fa	2095965	19	222872	2074
7092_6#21.contigs_velvet.fa	2079538	42	99303	2035
6899_5#13.contigs_velvet.fa	2124588	69	62558	2123
27535_1#65.contigs_velvet.fa	2072222	17	582000	2013
6753_4#10.contigs_velvet.fa	2185630	113	37027	2127
6938_5#5.contigs_velvet.fa	2087261	55	79445	2040
27689_4#86.contigs_velvet.fa	2101863	29	118413	2049
6983_2#14.contigs_velvet.fa	2095120	61	59968	2032
6710_6#22.contigs_velvet.fa	2081421	47	85271	2022
27754_1#187.contigs_velvet.fa	2185968	22	289353	2180
27689_4#21.contigs_velvet.fa	2127748	13	389673	2085
7038_4#13.contigs_velvet.fa	2099392	47	91635	2043
27859_1#119.contigs_velvet.fa	2057764	23	208809	2022
6983_8#73.contigs_velvet.fa	2185597	47	94816	2091
5429_8#10.contigs_velvet.fa	2033282	52	74268	1965
27463_3#67.contigs_velvet.fa	2191094	35	130237	2169
7054_4#14.contigs_velvet.fa	2154464	74	61993	2101
27689_3#149.contigs_velvet.fa	2103833	28	113818	2051
6925_8#20.contigs_velvet.fa	2081706	41	117812	2026
7038_4#21.contigs_velvet.fa	2175846	63	67898	2112
6925_5#5.contigs_velvet.fa	2109983	42	94119	2061
6730_1#3.contigs_velvet.fa	2134327	52	103456	2102
28157_1#163.contigs_velvet.fa	2262579	45	90568	2240
6805_6#3.contigs_velvet.fa	2103980	57	73405	2052
7011_5#10.contigs_velvet.fa	2059784	50	79965	1983
7038_5#18.contigs_velvet.fa	2095124	52	68605	2055
6736_5#20.contigs_velvet.fa	2127916	46	120196	2126
28157_2#142.contigs_velvet.fa	2119505	29	142940	2079
27689_1#83.contigs_velvet.fa	2193825	66	118381	2143
27859_1#76.contigs_velvet.fa	2126711	27	275428	2065
27425_7#174.contigs_velvet.fa	2261526	40	136652	2247
6755_6#2.contigs_velvet.fa	2100745	44	85389	2045
27644_5#170.contigs_velvet.fa	2239751	61	67808	2218
6630_1#8.contigs_velvet.fa	2068685	81	56425	2033
6753_4#17.contigs_velvet.fa	2103008	59	69786	2045
6899_5#11.contigs_velvet.fa	2128569	77	51302	2024
28049_1#183.contigs_velvet.fa	2153794	28	190239	2139
27630_2#36.contigs_velvet.fa	2228717	104	210152	2181
6972_4#24.contigs_velvet.fa	2086655	54	62875	2016
7011_4#18.contigs_velvet.fa	2089271	55	63662	2048
7038_6#10.contigs_velvet.fa	2132643	49	75198	2112
7011_5#9.contigs_velvet.fa	2149775	76	56549	2100
27958_1#181.contigs_velvet.fa	2040225	34	141829	1972
6938_7#4.contigs_velvet.fa	2084252	39	97612	2026
7004_8#82.contigs_velvet.fa	2105178	59	69722	2025
6755_3#2.contigs_velvet.fa	2086536	66	81932	2009
7004_6#43.contigs_velvet.fa	2128075	56	88006	2043
28042_1#147.contigs_velvet.fa	2209789	48	160306	2189
6938_8#14.contigs_velvet.fa	2168560	77	54866	2151
6731_4#14.contigs_velvet.fa	2068056	83	50165	2025
28049_1#82.contigs_velvet.fa	2170546	17	618672	2151
5429_8#8.contigs_velvet.fa	2137218	164	33359	2030
6753_3#21.contigs_velvet.fa	2138657	74	60595	2130
27535_1#124.contigs_velvet.fa	2216794	23	386557	2204
27425_7#150.contigs_velvet.fa	2173444	30	204427	2149
7011_6#5.contigs_velvet.fa	2095647	69	51100	2045
27689_1#171.contigs_velvet.fa	2078490	29	118807	2026
6938_6#17.contigs_velvet.fa	2115524	61	57000	2031
28157_3#175.contigs_velvet.fa	2092484	31	252131	2057
27689_4#163.contigs_velvet.fa	5998013	10331	750	6665
6938_5#6.contigs_velvet.fa	2171668	75	56891	2134
27958_1#64.contigs_velvet.fa	2118471	30	112763	2079
28042_1#110.contigs_velvet.fa	2132021	20	288040	2090
6805_5#23.contigs_velvet.fa	2075377	56	71403	2024
27754_1#161.contigs_velvet.fa	2074519	31	126105	2022
6736_8#6.contigs_velvet.fa	2104453	70	56876	2066
27859_1#163.contigs_velvet.fa	2048600	28	131998	2011
6753_4#7.contigs_velvet.fa	2031034	69	57943	1954
6972_4#23.contigs_velvet.fa	2049248	57	67666	1981
28042_1#132.contigs_velvet.fa	2185632	17	289279	2182
6949_3#24.contigs_velvet.fa	2056518	45	71948	1990
27958_1#111.contigs_velvet.fa	2097903	34	487611	2057
6755_2#5.contigs_velvet.fa	2107203	69	52589	2002
7011_3#20.contigs_velvet.fa	2189574	64	77819	2181
6755_2#4.contigs_velvet.fa	2108466	66	61820	2066
27425_7#173.contigs_velvet.fa	3465595	3140	1866	3773
27689_3#188.contigs_velvet.fa	2217527	64	134993	2152
27463_4#61.contigs_velvet.fa	2146161	32	121043	2124
6755_4#2.contigs_velvet.fa	2163795	103	51777	2070
6972_4#16.contigs_velvet.fa	2041307	75	51563	1973
28042_1#43.contigs_velvet.fa	2149836	53	157216	2113
7011_6#6.contigs_velvet.fa	2154510	74	54840	2087
27689_1#3.contigs_velvet.fa	3526041	5124	1122	4049
6938_7#10.contigs_velvet.fa	2161615	51	70951	2115
27644_5#86.contigs_velvet.fa	2200131	42	116511	2181
27689_2#168.contigs_velvet.fa	2123784	31	119186	2081
6753_1#16.contigs_velvet.fa	2067108	64	73562	2025
27425_7#151.contigs_velvet.fa	2173090	28	217862	2144
27425_7#130.contigs_velvet.fa	2125205	35	108604	2084
28354_1#97.contigs_velvet.fa	4366471	8926	527	5001
28157_1#40.contigs_velvet.fa	2251321	233	118590	2220
6938_5#24.contigs_velvet.fa	1998704	56	61330	1933
6949_2#16.contigs_velvet.fa	2034746	89	48587	1957
7004_7#67.contigs_velvet.fa	2129109	53	63468	2083
27425_7#95.contigs_velvet.fa	2148358	28	215679	2103
27859_1#178.contigs_velvet.fa	2169278	18	467356	2144
27463_3#119.contigs_velvet.fa	2603338	1113	42076	2750
7004_7#72.contigs_velvet.fa	2171332	91	73398	2137
27754_1#154.contigs_velvet.fa	2180064	20	630913	2153
27859_1#175.contigs_velvet.fa	2110294	17	301706	2069
27958_1#165.contigs_velvet.fa	2095512	14	351981	2051
6983_7#58.contigs_velvet.fa	2108489	58	75040	2032
27958_1#103.contigs_velvet.fa	2120962	32	112744	2071
6925_7#8.contigs_velvet.fa	2149668	49	82713	2109
28354_1#119.contigs_velvet.fa	2254988	33	138233	2228
7004_6#27.contigs_velvet.fa	2076448	49	75079	1990
27689_3#141.contigs_velvet.fa	2141347	36	129852	2103
5366_6#10.contigs_velvet.fa	2051160	230	20629	1993
6983_2#10.contigs_velvet.fa	2042014	66	68506	1965
6925_7#10.contigs_velvet.fa	2090806	53	64267	2017
7092_6#20.contigs_velvet.fa	2033809	70	63020	1970
28048_1#186.contigs_velvet.fa	2187492	19	263722	2185
6983_6#34.contigs_velvet.fa	2099736	50	75175	2050
27425_7#190.contigs_velvet.fa	2068732	29	126075	2027
7011_3#4.contigs_velvet.fa	2189889	85	47109	2140
6983_6#38.contigs_velvet.fa	2126791	46	89132	2080
28049_1#155.contigs_velvet.fa	2108328	34	112745	2057
27958_1#184.contigs_velvet.fa	2076599	33	118584	2031
6972_3#14.contigs_velvet.fa	2174931	53	88260	2155
28157_2#53.contigs_velvet.fa	2588821	495	116328	2630
27644_5#189.contigs_velvet.fa	2166005	32	250429	2146
7038_5#23.contigs_velvet.fa	2110565	79	53044	2072
7054_4#21.contigs_velvet.fa	2099663	58	84637	2088
6925_8#14.contigs_velvet.fa	2066941	65	63610	2028
6755_5#22.contigs_velvet.fa	2172895	70	58843	2127
6938_6#24.contigs_velvet.fa	2087911	59	62163	2015
27535_1#29.contigs_velvet.fa	2221105	19	1117453	2208
6983_6#40.contigs_velvet.fa	2104226	77	53994	2069
28157_1#77.contigs_velvet.fa	2235787	228	88836	2203
6736_8#13.contigs_velvet.fa	2039097	69	52077	1969
27958_1#173.contigs_velvet.fa	2076209	30	126062	2022
28049_1#96.contigs_velvet.fa	2191613	111	128916	2149
28048_1#15.contigs_velvet.fa	2234102	30	316950	2233
6823_1#11.contigs_velvet.fa	2103335	66	63783	2072
27754_1#177.contigs_velvet.fa	2135049	34	145174	2046
6731_2#17.contigs_velvet.fa	2069658	93	42772	1986
27463_3#102.contigs_velvet.fa	2209522	31	273341	2221
7054_4#6.contigs_velvet.fa	2165167	136	56601	2043
7038_7#21.contigs_velvet.fa	2137152	62	65941	2097
27644_5#114.contigs_velvet.fa	2076700	29	141716	2022
6925_3#4.contigs_velvet.fa	2056947	61	63025	1970
27536_3#26.contigs_velvet.fa	2130149	29	185683	2133
6730_4#13.contigs_velvet.fa	2070887	60	56645	2042
27958_1#28.contigs_velvet.fa	2116840	27	117488	2074
27535_1#164.contigs_velvet.fa	2047640	27	131998	2012
6983_5#3.contigs_velvet.fa	2066157	81	46367	1988
27425_7#123.contigs_velvet.fa	2254817	41	150917	2222
28157_3#130.contigs_velvet.fa	2114206	33	107415	2066
6593_4#23.contigs_velvet.fa	2123074	54	67485	2081
28354_1#111.contigs_velvet.fa	2132548	19	510419	2085
27754_1#44.contigs_velvet.fa	2169030	16	480297	2144
28354_1#60.contigs_velvet.fa	2070670	21	336308	2007
28157_2#101.contigs_velvet.fa	2096427	42	242186	2053
28157_1#11.contigs_velvet.fa	2142640	26	217428	2121
6710_7#7.contigs_velvet.fa	2035834	68	53866	1940
28049_1#112.contigs_velvet.fa	2128868	16	515702	2129
7068_4#8.contigs_velvet.fa	2104640	56	73380	2048
27958_1#98.contigs_velvet.fa	2155878	27	404886	2125
28157_3#18.contigs_velvet.fa	2193925	27	215505	2221
28157_2#83.contigs_velvet.fa	2095813	19	262791	2040
6823_4#22.contigs_velvet.fa	2081469	56	89665	2018
6972_5#18.contigs_velvet.fa	2057242	74	51584	2002
27859_1#90.contigs_velvet.fa	2163054	43	135285	2078
7068_4#13.contigs_velvet.fa	2073454	64	56832	1987
6938_5#17.contigs_velvet.fa	2104965	71	59710	2070
28049_1#186.contigs_velvet.fa	2147099	27	144226	2140
27689_4#76.contigs_velvet.fa	2129833	32	150877	2087
27463_3#34.contigs_velvet.fa	2111421	42	362466	2053
7054_4#9.contigs_velvet.fa	2173219	61	61195	2113
27425_7#139.contigs_velvet.fa	2252354	50	91383	2227
7011_6#3.contigs_velvet.fa	2152696	69	53658	2160
28049_1#150.contigs_velvet.fa	2309183	177	478244	2311
6983_8#86.contigs_velvet.fa	2168778	59	75304	2147
27630_2#128.contigs_velvet.fa	2125346	33	113631	2078
7038_8#41.contigs_velvet.fa	2036610	56	71515	1951
27689_3#72.contigs_velvet.fa	1997411	24	229504	1938
28157_1#67.contigs_velvet.fa	2103546	28	164111	2100
27689_1#7.contigs_velvet.fa	2189076	27	151270	2131
6736_4#5.contigs_velvet.fa	2136737	55	65818	2118
6805_5#19.contigs_velvet.fa	2128160	53	109024	2076
6731_2#13.contigs_velvet.fa	2113695	112	43532	2041
6736_5#7.contigs_velvet.fa	2115563	66	68452	2087
6753_3#15.contigs_velvet.fa	2037177	70	45494	1937
6710_6#3.contigs_velvet.fa	2123738	55	67237	2066
28157_3#115.contigs_velvet.fa	2095914	19	251626	2049
28354_1#50.contigs_velvet.fa	2255530	43	93156	2228
27425_7#27.contigs_velvet.fa	1997894	26	174966	1943
6983_8#95.contigs_velvet.fa	2118507	46	101788	2097
28157_1#157.contigs_velvet.fa	2017050	24	273547	1975
27630_2#25.contigs_velvet.fa	2170227	17	338566	2106
7054_4#4.contigs_velvet.fa	2089180	38	116890	2045
7011_6#24.contigs_velvet.fa	2164345	157	43156	2137
6925_3#11.contigs_velvet.fa	2073941	72	72504	2007
27536_3#142.contigs_velvet.fa	3006027	468	89877	3140
28049_1#131.contigs_velvet.fa	2212764	45	165728	2196
27689_4#185.contigs_velvet.fa	2097101	34	136296	2079
6823_5#18.contigs_velvet.fa	1985090	52	61965	1925
6805_2#14.contigs_velvet.fa	2080384	67	56741	2038
6972_2#8.contigs_velvet.fa	2163189	59	78244	2160
27644_5#104.contigs_velvet.fa	3001669	1520	8863	3451
6710_8#12.contigs_velvet.fa	2153598	67	67114	2100
6949_1#17.contigs_velvet.fa	2110811	79	49393	2033
6938_8#12.contigs_velvet.fa	2137613	65	56658	2080
6755_5#13.contigs_velvet.fa	2058140	26	129832	2001
28354_1#59.contigs_velvet.fa	3230977	1066	73239	4175
6753_3#5.contigs_velvet.fa	2084670	63	56292	2032
28157_3#148.contigs_velvet.fa	2996460	419	67005	3133
6925_6#15.contigs_velvet.fa	2097490	67	55463	2049
28157_3#96.contigs_velvet.fa	2110789	22	351934	2059
6899_4#1.contigs_velvet.fa	2080253	72	55583	2020
6983_5#23.contigs_velvet.fa	2162653	56	81500	2134
28354_1#8.contigs_velvet.fa	2252746	48	99753	2234
6259_5#15.contigs_velvet.fa	2172378	57	63848	2136
28048_1#21.contigs_velvet.fa	2215532	17	618874	2198
6805_7#16.contigs_velvet.fa	2110763	52	75036	2042
5366_7#2.contigs_velvet.fa	2029938	72	52924	1954
6731_6#6.contigs_velvet.fa	2054282	99	44622	1986
6631_2#13.contigs_velvet.fa	2008521	50	86912	1947
27689_1#95.contigs_velvet.fa	2162922	30	587769	2121
27536_3#12.contigs_velvet.fa	2140669	54	86937	2135
28048_1#112.contigs_velvet.fa	2132003	32	176095	2134
7011_3#9.contigs_velvet.fa	2123949	60	63790	2085
28354_1#10.contigs_velvet.fa	2098913	24	149601	2059
27463_4#106.contigs_velvet.fa	2130052	29	108601	2080
6823_7#19.contigs_velvet.fa	2088778	73	52074	2029
28354_1#5.contigs_velvet.fa	2120416	31	194473	2070
7011_4#13.contigs_velvet.fa	2046446	66	59269	1983
28157_3#176.contigs_velvet.fa	2154869	36	159769	2099
6710_7#21.contigs_velvet.fa	2133932	46	87566	2073
27689_3#42.contigs_velvet.fa	2025781	8	1874945	1978
6830_3#5.contigs_velvet.fa	2092249	61	78869	2020
6972_4#10.contigs_velvet.fa	2013647	63	63887	1943
28157_3#95.contigs_velvet.fa	2130169	36	124792	2084
28157_1#175.contigs_velvet.fa	2377295	354	143267	2364
6805_4#15.contigs_velvet.fa	2097930	67	66218	2036
6649_8#5.contigs_velvet.fa	2070024	58	73657	2037
27463_3#58.contigs_velvet.fa	2141429	19	304646	2133
27689_1#16.contigs_velvet.fa	2253882	45	109863	2223
6680_7#18.contigs_velvet.fa	2070420	61	60020	2000
6805_4#16.contigs_velvet.fa	2157477	48	82535	2107
6830_3#6.contigs_velvet.fa	2069236	315	15043	2128
6631_5#24.contigs_velvet.fa	2121762	87	47627	2039
7038_4#19.contigs_velvet.fa	2151830	45	85731	2105
6823_2#24.contigs_velvet.fa	1994729	42	82243	1941
6925_3#3.contigs_velvet.fa	2119681	53	67637	2063
28157_3#71.contigs_velvet.fa	2124641	33	183174	2071
7038_7#17.contigs_velvet.fa	2099881	61	66871	2077
27536_3#65.contigs_velvet.fa	2168112	37	182121	2136
6949_2#24.contigs_velvet.fa	2155245	46	106252	2156
27689_4#127.contigs_velvet.fa	2099036	28	120310	2044
27859_1#45.contigs_velvet.fa	2116301	30	112745	2081
27425_7#167.contigs_velvet.fa	2103918	42	239050	2088
27536_3#146.contigs_velvet.fa	2075427	33	108655	2023
27689_3#32.contigs_velvet.fa	2165014	16	395018	2102
6972_3#13.contigs_velvet.fa	2049056	58	69307	1981
27535_1#153.contigs_velvet.fa	2132586	25	478502	2085
6925_8#9.contigs_velvet.fa	2057224	46	70213	2018
6755_6#7.contigs_velvet.fa	2042684	45	101630	1983
6949_2#17.contigs_velvet.fa	2157225	63	98650	2129
27535_1#57.contigs_velvet.fa	2111125	15	332892	2068
7054_4#18.contigs_velvet.fa	2109031	68	55770	2075
6925_5#16.contigs_velvet.fa	2103107	76	50736	2051
6631_5#8.contigs_velvet.fa	2103456	73	47085	2060
27689_1#102.contigs_velvet.fa	2179557	26	340210	2111
7004_7#50.contigs_velvet.fa	2080762	63	57035	2019
28048_1#128.contigs_velvet.fa	2207422	35	296808	2195
6972_5#21.contigs_velvet.fa	2045431	57	62528	1975
27463_3#56.contigs_velvet.fa	4478443	6909	832	5691
5366_5#9.contigs_velvet.fa	2026213	76	42359	1951
28049_1#158.contigs_velvet.fa	6288928	7029	4201	6699
27689_3#178.contigs_velvet.fa	2090314	30	137302	2065
27689_2#146.contigs_velvet.fa	2118906	29	108767	2074
6830_3#14.contigs_velvet.fa	2047792	67	58253	1990
28157_3#60.contigs_velvet.fa	2152892	21	408242	2142
7038_6#11.contigs_velvet.fa	2155692	61	70114	2146
27535_1#45.contigs_velvet.fa	2119652	33	109045	2085
6840_1#11.contigs_velvet.fa	2136714	82	46231	2099
28354_1#49.contigs_velvet.fa	2096985	20	211506	2054
27754_1#23.contigs_velvet.fa	2732528	1002	55821	2987
7004_6#30.contigs_velvet.fa	2015217	63	59475	1990
27689_3#166.contigs_velvet.fa	1999300	26	190204	1938
27536_3#132.contigs_velvet.fa	2169798	44	121141	2134
7011_6#2.contigs_velvet.fa	2160443	64	63333	2117
6736_5#12.contigs_velvet.fa	2104206	71	63178	2040
27644_5#129.contigs_velvet.fa	2105327	25	174174	2044
27536_3#64.contigs_velvet.fa	2131447	34	150931	2089
27644_5#70.contigs_velvet.fa	2119026	31	108541	2084
6972_5#2.contigs_velvet.fa	2066955	70	70384	2020
27425_7#172.contigs_velvet.fa	3028124	535	469646	3034
28157_1#160.contigs_velvet.fa	2573146	513	101613	2647
7004_6#26.contigs_velvet.fa	2082609	47	75040	2033
6983_5#24.contigs_velvet.fa	2088296	57	70216	2068
27689_1#148.contigs_velvet.fa	2147973	20	250013	2125
7004_8#93.contigs_velvet.fa	2066061	62	70334	2006
28157_1#55.contigs_velvet.fa	2055167	21	261826	2032
28042_1#119.contigs_velvet.fa	2177859	39	134234	2149
27463_4#64.contigs_velvet.fa	2102796	9	1708022	2078
27689_1#125.contigs_velvet.fa	2088714	29	282338	2044
28157_2#47.contigs_velvet.fa	2121939	38	113436	2072
7054_6#12.contigs_velvet.fa	2116744	80	59219	2061
6871_1#6.contigs_velvet.fa	2064541	52	74250	2020
27689_1#53.contigs_velvet.fa	2115316	38	121544	2088
7038_5#11.contigs_velvet.fa	2108394	61	67058	2056
27425_7#34.contigs_velvet.fa	2092385	28	360062	2044
6949_3#19.contigs_velvet.fa	2007593	38	79879	1960
28157_1#106.contigs_velvet.fa	2251034	106	251961	2190
6983_2#5.contigs_velvet.fa	2024705	73	58203	1975
28157_2#81.contigs_velvet.fa	2133967	22	251744	2094
27644_5#80.contigs_velvet.fa	3424702	3052	1723	3728
6805_7#15.contigs_velvet.fa	2139909	72	54615	2081
6938_7#5.contigs_velvet.fa	2172972	59	74075	2106
28157_3#177.contigs_velvet.fa	2117816	34	107325	2073
27859_1#154.contigs_velvet.fa	2128060	15	627909	2083
28049_1#84.contigs_velvet.fa	4203829	3367	3286	4872
6949_1#19.contigs_velvet.fa	2111855	50	87428	2073
6753_1#13.contigs_velvet.fa	2085784	67	84561	2060
27958_1#46.contigs_velvet.fa	2111114	14	375339	2073
6925_5#21.contigs_velvet.fa	2110893	71	57816	2066
6949_3#16.contigs_velvet.fa	2040445	57	71593	1974
6680_5#24.contigs_velvet.fa	2086168	56	74857	2028
28157_1#27.contigs_velvet.fa	2411043	308	52677	2409
6823_5#4.contigs_velvet.fa	2096983	49	69009	2046
27689_1#67.contigs_velvet.fa	2080335	40	135430	2004
27425_7#75.contigs_velvet.fa	2122556	30	142040	2085
28042_1#58.contigs_velvet.fa	2092685	16	249971	2049
6680_8#13.contigs_velvet.fa	2086597	51	72633	2036
7011_4#9.contigs_velvet.fa	2104708	85	47016	2067
5381_1#8.contigs_velvet.fa	2268415	90	58907	2222
7011_3#21.contigs_velvet.fa	2105170	72	53963	2066
28157_1#103.contigs_velvet.fa	2133198	45	178486	2117
7068_4#3.contigs_velvet.fa	2142300	50	86180	2089
6714_8#8.contigs_velvet.fa	2012700	95	46185	1963
6259_6#19.contigs_velvet.fa	2078374	132	32812	2033
27536_3#107.contigs_velvet.fa	2118911	32	108627	2081
27689_3#70.contigs_velvet.fa	2514658	469	628598	2450
27859_1#50.contigs_velvet.fa	2067916	28	168228	2064
7068_4#7.contigs_velvet.fa	2165012	48	72183	2137
27535_1#174.contigs_velvet.fa	2118518	30	126092	2082
27644_5#88.contigs_velvet.fa	2124399	37	103850	2082
27535_1#178.contigs_velvet.fa	2169537	18	405514	2146
27535_1#87.contigs_velvet.fa	2162853	17	355512	2099
6899_7#20.contigs_velvet.fa	2079717	71	63019	2017
6805_3#8.contigs_velvet.fa	2164642	53	71091	2127
7038_5#19.contigs_velvet.fa	2046521	63	77145	1986
6730_3#5.contigs_velvet.fa	2029313	60	74877	1980
28157_3#42.contigs_velvet.fa	2101061	35	221997	2049
27644_5#158.contigs_velvet.fa	2154898	36	150208	2125
6736_4#20.contigs_velvet.fa	2162730	51	73605	2101
6925_8#17.contigs_velvet.fa	2085495	74	56417	2034
27463_4#174.contigs_velvet.fa	2124646	26	143049	2081
28048_1#49.contigs_velvet.fa	2232162	32	214630	2240
6710_8#6.contigs_velvet.fa	2135202	53	68007	2041
6710_8#17.contigs_velvet.fa	2080053	44	83652	2029
27689_2#106.contigs_velvet.fa	2077844	30	118408	2019
6755_4#8.contigs_velvet.fa	2036815	71	48754	1950
6871_1#4.contigs_velvet.fa	2183003	79	56563	2171
27463_3#73.contigs_velvet.fa	2133168	70	261849	2107
6925_7#14.contigs_velvet.fa	2057883	71	48754	1981
6925_3#14.contigs_velvet.fa	2099313	50	71568	2032
6871_2#8.contigs_velvet.fa	2162080	48	102730	2088
27859_1#57.contigs_velvet.fa	2114162	16	313792	2075
6755_5#6.contigs_velvet.fa	2012057	66	65043	1959
27689_4#102.contigs_velvet.fa	2180482	41	148599	2133
6755_5#24.contigs_velvet.fa	2159049	78	55485	2111
27644_5#18.contigs_velvet.fa	2077076	31	118538	2020
5381_1#11.contigs_velvet.fa	1990106	148	34457	1937
6925_8#7.contigs_velvet.fa	2140295	98	52100	2102
5381_3#5.contigs_velvet.fa	2457683	92	58592	2314
6805_2#7.contigs_velvet.fa	2113955	85	53351	2087
7038_6#13.contigs_velvet.fa	2068736	60	62549	2020
6823_4#24.contigs_velvet.fa	2112154	47	79602	2074
6938_5#8.contigs_velvet.fa	2098579	49	82718	2041
28157_1#64.contigs_velvet.fa	2113059	21	402305	2054
6983_3#57.contigs_velvet.fa	2052274	51	84484	1988
6925_5#20.contigs_velvet.fa	2118481	47	94000	2067
27958_1#167.contigs_velvet.fa	2137699	31	136136	2102
27630_2#129.contigs_velvet.fa	2080812	28	141680	2029
7004_6#31.contigs_velvet.fa	2165231	47	107525	2119
6731_3#20.contigs_velvet.fa	2073659	85	45499	2002
6972_3#3.contigs_velvet.fa	2113335	68	60253	2067
6736_4#1.contigs_velvet.fa	2162149	102	47184	2136
27536_3#21.contigs_velvet.fa	2096140	37	160817	2055
27536_3#100.contigs_velvet.fa	3086183	501	65289	3271
6925_6#18.contigs_velvet.fa	2102015	54	86132	2079
27425_7#161.contigs_velvet.fa	2145912	32	235860	2097
28157_1#153.contigs_velvet.fa	2193544	71	262445	2160
6673_8#22.contigs_velvet.fa	2006823	44	69775	1949
6805_5#7.contigs_velvet.fa	2090846	68	55548	2030
28157_1#38.contigs_velvet.fa	2200734	34	153331	2178
6736_6#9.contigs_velvet.fa	2117809	43	127329	2050
28354_1#43.contigs_velvet.fa	2077725	31	118617	2018
27644_5#148.contigs_velvet.fa	2129715	27	151904	2086
27425_7#19.contigs_velvet.fa	2139735	26	189024	2113
28157_1#89.contigs_velvet.fa	2283186	57	184384	2273
7038_4#12.contigs_velvet.fa	2171083	40	107041	2112
6925_5#4.contigs_velvet.fa	2130074	47	108632	2111
7054_6#22.contigs_velvet.fa	2092833	40	108826	2036
27958_1#107.contigs_velvet.fa	2122145	22	207776	2075
6949_4#16.contigs_velvet.fa	2088878	89	48833	2018
6823_4#2.contigs_velvet.fa	2052406	63	66635	1988
7038_4#17.contigs_velvet.fa	2022962	52	64597	1950
6949_2#9.contigs_velvet.fa	2162607	47	77500	2099
6899_5#19.contigs_velvet.fa	2082860	75	44243	2009
27425_7#165.contigs_velvet.fa	2205618	29	131831	2161
27463_3#41.contigs_velvet.fa	2096063	15	210093	2050
6938_7#3.contigs_velvet.fa	2052793	53	76722	1994
28157_1#108.contigs_velvet.fa	2092382	32	206089	2052
6949_3#1.contigs_velvet.fa	2185833	61	80724	2195
6631_5#15.contigs_velvet.fa	2116505	76	56489	2080
28157_3#20.contigs_velvet.fa	2112482	25	238575	2060
6938_8#16.contigs_velvet.fa	2118236	57	71791	2093
27644_5#74.contigs_velvet.fa	2123354	28	108541	2088
7092_6#17.contigs_velvet.fa	2173778	59	64827	2106
7011_3#18.contigs_velvet.fa	2090166	53	67035	2033
28157_1#88.contigs_velvet.fa	2152928	37	140361	2100
27425_7#115.contigs_velvet.fa	2124879	19	455051	2081
6899_5#14.contigs_velvet.fa	2126802	71	61193	2032
28157_3#99.contigs_velvet.fa	3335994	3987	1451	3688
7004_6#44.contigs_velvet.fa	2119061	55	78126	2079
27630_2#18.contigs_velvet.fa	2218817	42	204471	2192
27535_1#75.contigs_velvet.fa	2121082	32	171551	2055
28048_1#142.contigs_velvet.fa	2261238	46	113292	2231
6731_3#13.contigs_velvet.fa	2091639	46	85042	2044
28042_1#160.contigs_velvet.fa	2111835	38	155224	2064
7004_6#39.contigs_velvet.fa	2071447	63	56158	2004
6736_4#12.contigs_velvet.fa	2070952	58	73634	2021
6938_8#15.contigs_velvet.fa	2138194	77	50628	2087
6899_5#4.contigs_velvet.fa	2083761	94	45507	2014
28049_1#30.contigs_velvet.fa	2927563	1203	18800	3375
27644_5#184.contigs_velvet.fa	2117036	29	143175	2081
28048_1#6.contigs_velvet.fa	2075143	29	141748	2020
28049_1#12.contigs_velvet.fa	2138753	32	128819	2099
7038_8#39.contigs_velvet.fa	2035936	71	53422	1963
27536_3#109.contigs_velvet.fa	2039847	34	118690	1971
27425_7#136.contigs_velvet.fa	2201867	48	169173	2157
27689_3#106.contigs_velvet.fa	2073077	41	78727	2019
28049_1#33.contigs_velvet.fa	2118985	31	112619	2080
27689_1#182.contigs_velvet.fa	2218532	31	291323	2159
27630_2#136.contigs_velvet.fa	2125694	10	628944	2085
6938_5#14.contigs_velvet.fa	2147504	70	65302	2139
6938_6#8.contigs_velvet.fa	2079527	78	51563	2005
28048_1#81.contigs_velvet.fa	2102205	21	251929	2048
6823_2#2.contigs_velvet.fa	2098725	51	70051	2042
28157_2#68.contigs_velvet.fa	2108742	21	274095	2055
6805_4#10.contigs_velvet.fa	2040911	58	69152	1971
6972_3#19.contigs_velvet.fa	2045082	59	69842	1966
6731_6#19.contigs_velvet.fa	2034678	87	52736	1914
27463_4#188.contigs_velvet.fa	2136697	30	294272	2068
27535_1#21.contigs_velvet.fa	2078031	37	94388	2018
28157_1#6.contigs_velvet.fa	2103243	21	358923	2061

